# DESCRIPTION: Verilator output: Timestamp data for --skip-identical.  Delete at will.
C "-f servant_1.0.2.vc --trace"
S      2568 17958655  1592414009   999552029  1592414009   999552029 "../src/serv_1.0.2/rtl/serv_alu.v"
S       988 17958654  1592414009   999552029  1592414009   999552029 "../src/serv_1.0.2/rtl/serv_bufreg.v"
S      2486 17958656  1592414009   999552029  1592414009   999552029 "../src/serv_1.0.2/rtl/serv_csr.v"
S      2233 17958657  1592414010     3552003  1592414010     3552003 "../src/serv_1.0.2/rtl/serv_ctrl.v"
S      7586 17958658  1592414010     3552003  1592414010     3552003 "../src/serv_1.0.2/rtl/serv_decode.v"
S      1714 17958659  1592414010     3552003  1592414010     3552003 "../src/serv_1.0.2/rtl/serv_mem_if.v"
S       235 17958652  1592414009   999552029  1592414009   999552029 "../src/serv_1.0.2/rtl/serv_params.vh"
S      2930 17958660  1592414010     3552003  1592414010     3552003 "../src/serv_1.0.2/rtl/serv_rf_if.v"
S       628 17958662  1592414010     3552003  1592414010     3552003 "../src/serv_1.0.2/rtl/serv_rf_ram.v"
S      3519 17958661  1592414010     3552003  1592414010     3552003 "../src/serv_1.0.2/rtl/serv_rf_ram_if.v"
S      4578 17958665  1592414010     3552003  1592414010     3552003 "../src/serv_1.0.2/rtl/serv_rf_top.v"
S       675 17958653  1592414009   999552029  1592414009   999552029 "../src/serv_1.0.2/rtl/serv_shift.v"
S      4337 17958663  1592414010     3552003  1592414010     3552003 "../src/serv_1.0.2/rtl/serv_state.v"
S     13307 17958664  1592414010     3552003  1592414010     3552003 "../src/serv_1.0.2/rtl/serv_top.v"
S       551 17958676  1592414010    15551925  1592414010    15551925 "../src/servant_1.0.2/bench/servant_sim.v"
S      4689 17958675  1592414010    15551925  1592414010    15551925 "../src/servant_1.0.2/servant/servant.v"
S      1380 17958672  1592414010    15551925  1592414010    15551925 "../src/servant_1.0.2/servant/servant_arbiter.v"
S       529 17958669  1592414010    15551925  1592414010    15551925 "../src/servant_1.0.2/servant/servant_clock_gen.v"
S       293 17958671  1592414010    15551925  1592414010    15551925 "../src/servant_1.0.2/servant/servant_gpio.v"
S      2435 17958673  1592414010    15551925  1592414010    15551925 "../src/servant_1.0.2/servant/servant_mux.v"
S      1060 17958674  1592414010    15551925  1592414010    15551925 "../src/servant_1.0.2/servant/servant_ram.v"
S       710 17958670  1592414010    15551925  1592414010    15551925 "../src/servant_1.0.2/servant/servant_timer.v"
T      6162 17958689  1592414010   223550580  1592414010   223550580 "./Vservant_sim.cpp"
T      4160 17958688  1592414010   223550580  1592414010   223550580 "./Vservant_sim.h"
T      1917 17958697  1592414010   223550580  1592414010   223550580 "./Vservant_sim.mk"
T       693 17958685  1592414010   219550606  1592414010   219550606 "./Vservant_sim__Dpi.cpp"
T       437 17958684  1592414010   219550606  1592414010   219550606 "./Vservant_sim__Dpi.h"
T      1655 17958683  1592414010   219550606  1592414010   219550606 "./Vservant_sim__Syms.cpp"
T      1371 17958682  1592414010   219550606  1592414010   219550606 "./Vservant_sim__Syms.h"
T     43189 17958687  1592414010   223550580  1592414010   223550580 "./Vservant_sim__Trace.cpp"
T     88354 17958686  1592414010   219550606  1592414010   219550606 "./Vservant_sim__Trace__Slow.cpp"
T      1388 17958698  1592414010   223550580  1592414010   223550580 "./Vservant_sim__ver.d"
T         0        0  1592414010   223550580  1592414010   223550580 "./Vservant_sim__verFiles.dat"
T      1387 17958696  1592414010   223550580  1592414010   223550580 "./Vservant_sim_classes.mk"
T    123610 17958693  1592414010   223550580  1592414010   223550580 "./Vservant_sim_servant__M0_MB2000_S1.cpp"
T     10331 17958692  1592414010   223550580  1592414010   223550580 "./Vservant_sim_servant__M0_MB2000_S1.h"
T      6570 17958695  1592414010   223550580  1592414010   223550580 "./Vservant_sim_servant_ram__M0_D2000.cpp"
T      1934 17958694  1592414010   223550580  1592414010   223550580 "./Vservant_sim_servant_ram__M0_D2000.h"
T      1954 17958691  1592414010   223550580  1592414010   223550580 "./Vservant_sim_servant_sim.cpp"
T      1657 17958690  1592414010   223550580  1592414010   223550580 "./Vservant_sim_servant_sim.h"
S   5742432 23113338  1591737738   283344103  1549770581           0 "/usr/bin/verilator_bin"
S       972 17958679  1592414010   127551200  1592414010   127551200 "servant_1.0.2.vc"
